[0.349625, 0.34295, 0.34445, 0.34685]
[[  44    0 1099  711  152]
 [  44    0 3464 2329  287]
 [  11    0 7723 4561  416]
 [   8    0 7124 5805  407]
 [   4    0 1916 3482  413]]
[[  48    0 1169  647  231]
 [  24    0 3602 2283  280]
 [  23    0 7759 4554  375]
 [   8    0 7179 5472  400]
 [   4    0 2067 3436  439]]
[[  51    0 1150  641  184]
 [  26    0 3709 2341  335]
 [  15    0 7651 4612  415]
 [   2    0 7054 5647  384]
 [   5    0 1947 3402  429]]
[[  44    0 1132  641  173]
 [  33    0 3668 2380  321]
 [   5    0 7680 4483  391]
 [   6    0 7027 5686  411]
 [   3    0 2007 3445  464]]

max_depth = 5	n_estimators = 20


[0.349625, 0.342925, 0.34445, 0.34685]
[[  44    0 1099  711  152]
 [  44    0 3464 2329  287]
 [  11    0 7723 4561  416]
 [   8    0 7124 5805  407]
 [   4    0 1916 3482  413]]
[[  47    1 1169  647  231]
 [  24    0 3602 2283  280]
 [  22    1 7759 4554  375]
 [   7    1 7179 5472  400]
 [   3    1 2067 3436  439]]
[[  51    0 1150  641  184]
 [  26    0 3709 2341  335]
 [  15    0 7651 4612  415]
 [   2    0 7054 5647  384]
 [   5    0 1947 3402  429]]
[[  44    0 1132  640  174]
 [  33    0 3668 2380  321]
 [   5    0 7680 4483  391]
 [   6    0 7027 5686  411]
 [   3    0 2007 3445  464]]

max_depth = 10	n_estimators = 20


[0.349475, 0.342925, 0.34445, 0.346875]
[[  44    0 1115  695  152]
 [  44    0 3489 2304  287]
 [  11    0 7759 4525  416]
 [   8    0 7166 5763  407]
 [   4    0 1942 3456  413]]
[[  47    1 1169  647  231]
 [  24    0 3602 2283  280]
 [  22    1 7759 4554  375]
 [   7    1 7179 5472  400]
 [   3    1 2067 3436  439]]
[[  51    0 1150  641  184]
 [  26    0 3709 2341  335]
 [  15    0 7651 4612  415]
 [   2    0 7054 5647  384]
 [   5    0 1947 3402  429]]
[[  45    0 1132  640  173]
 [  33    0 3668 2380  321]
 [   5    0 7680 4483  391]
 [   6    0 7027 5686  411]
 [   3    0 2007 3445  464]]

max_depth = 20	n_estimators = 20


[0.349475, 0.342925, 0.34445, 0.34685]
[[  44    0 1115  695  152]
 [  44    0 3489 2304  287]
 [  11    0 7759 4525  416]
 [   8    0 7166 5763  407]
 [   4    0 1942 3456  413]]
[[  47    1 1169  647  231]
 [  24    0 3602 2283  280]
 [  22    1 7759 4554  375]
 [   7    1 7179 5472  400]
 [   3    1 2067 3436  439]]
[[  51    0 1150  641  184]
 [  26    0 3709 2341  335]
 [  15    0 7651 4612  415]
 [   2    0 7054 5647  384]
 [   5    0 1947 3402  429]]
[[  44    0 1132  641  173]
 [  33    0 3668 2380  321]
 [   5    0 7680 4483  391]
 [   6    0 7027 5686  411]
 [   3    0 2007 3445  464]]

max_depth = 40	n_estimators = 20


[0.349475, 0.34295, 0.34445, 0.34685]
[[  44    0 1115  695  152]
 [  44    0 3489 2304  287]
 [  11    0 7759 4525  416]
 [   8    0 7166 5763  407]
 [   4    0 1942 3456  413]]
[[  48    0 1169  647  231]
 [  24    0 3602 2283  280]
 [  23    0 7759 4554  375]
 [   8    0 7179 5472  400]
 [   4    0 2067 3436  439]]
[[  51    0 1150  641  184]
 [  26    0 3709 2341  335]
 [  15    0 7651 4612  415]
 [   2    0 7054 5647  384]
 [   5    0 1947 3402  429]]
[[  44    0 1132  641  173]
 [  33    0 3668 2380  321]
 [   5    0 7680 4483  391]
 [   6    0 7027 5686  411]
 [   3    0 2007 3445  464]]

max_depth = 50	n_estimators = 20


[0.349475, 0.342925, 0.34445, 0.34685]
[[  44    0 1115  695  152]
 [  44    0 3489 2304  287]
 [  11    0 7759 4525  416]
 [   8    0 7166 5763  407]
 [   4    0 1942 3456  413]]
[[  47    1 1169  647  231]
 [  24    0 3602 2283  280]
 [  22    1 7759 4554  375]
 [   7    1 7179 5472  400]
 [   3    1 2067 3436  439]]
[[  51    0 1150  641  184]
 [  26    0 3709 2341  335]
 [  15    0 7651 4612  415]
 [   2    0 7054 5647  384]
 [   5    0 1947 3402  429]]
[[  44    0 1132  641  173]
 [  33    0 3668 2380  321]
 [   5    0 7680 4483  391]
 [   6    0 7027 5686  411]
 [   3    0 2007 3445  464]]

n_estimators = 5	max_depth_list = 20


[0.349475, 0.34295, 0.34445, 0.34685]
[[  44    0 1115  695  152]
 [  44    0 3489 2304  287]
 [  11    0 7759 4525  416]
 [   8    0 7166 5763  407]
 [   4    0 1942 3456  413]]
[[  48    0 1169  647  231]
 [  24    0 3602 2283  280]
 [  23    0 7759 4554  375]
 [   8    0 7179 5472  400]
 [   4    0 2067 3436  439]]
[[  51    0 1150  641  184]
 [  26    0 3709 2341  335]
 [  15    0 7651 4612  415]
 [   2    0 7054 5647  384]
 [   5    0 1947 3402  429]]
[[  44    0 1132  640  174]
 [  33    0 3668 2380  321]
 [   5    0 7680 4483  391]
 [   6    0 7027 5686  411]
 [   3    0 2007 3445  464]]

n_estimators = 10	max_depth_list = 20


[0.349475, 0.342925, 0.34445, 0.34685]
[[  44    0 1115  695  152]
 [  44    0 3489 2304  287]
 [  11    0 7759 4525  416]
 [   8    0 7166 5763  407]
 [   4    0 1942 3456  413]]
[[  47    1 1169  647  231]
 [  24    0 3602 2283  280]
 [  22    1 7759 4554  375]
 [   7    1 7179 5472  400]
 [   3    1 2067 3436  439]]
[[  51    0 1150  641  184]
 [  26    0 3709 2341  335]
 [  15    0 7651 4612  415]
 [   2    0 7054 5647  384]
 [   5    0 1947 3402  429]]
[[  44    0 1132  640  174]
 [  33    0 3668 2380  321]
 [   5    0 7680 4483  391]
 [   6    0 7027 5686  411]
 [   3    0 2007 3445  464]]

n_estimators = 20	max_depth_list = 20


[0.349475, 0.34295, 0.34445, 0.346875]
[[  44    0 1115  695  152]
 [  44    0 3489 2304  287]
 [  11    0 7759 4525  416]
 [   8    0 7166 5763  407]
 [   4    0 1942 3456  413]]
[[  48    0 1169  647  231]
 [  24    0 3602 2283  280]
 [  23    0 7759 4554  375]
 [   8    0 7179 5472  400]
 [   4    0 2067 3436  439]]
[[  51    0 1150  641  184]
 [  26    0 3709 2341  335]
 [  15    0 7651 4612  415]
 [   2    0 7054 5647  384]
 [   5    0 1947 3402  429]]
[[  45    0 1132  640  173]
 [  33    0 3668 2380  321]
 [   5    0 7680 4483  391]
 [   6    0 7027 5686  411]
 [   3    0 2007 3445  464]]

n_estimators = 30	max_depth_list = 20


[0.349625, 0.342925, 0.34445, 0.34685]
[[  44    0 1099  711  152]
 [  44    0 3464 2329  287]
 [  11    0 7723 4561  416]
 [   8    0 7124 5805  407]
 [   4    0 1916 3482  413]]
[[  47    1 1169  647  231]
 [  24    0 3602 2283  280]
 [  22    1 7759 4554  375]
 [   7    1 7179 5472  400]
 [   3    1 2067 3436  439]]
[[  51    0 1150  641  184]
 [  26    0 3709 2341  335]
 [  15    0 7651 4612  415]
 [   2    0 7054 5647  384]
 [   5    0 1947 3402  429]]
[[  44    0 1132  641  173]
 [  33    0 3668 2380  321]
 [   5    0 7680 4483  391]
 [   6    0 7027 5686  411]
 [   3    0 2007 3445  464]]

n_estimators = 40	max_depth_list = 20

